500 500 1
316 373
20 342
164 372
395 479
169 415
347 406
210 338
208 418
32 210
157 334
22 174
1 209
222 227
285 403
146 428
56 161
188 205
237 402
206 305
15 338
158 467
147 202
372 378
95 304
90 254
168 248
19 82
379 450
293 466
261 389
121 385
43 420
257 291
76 213
145 146
219 417
275 413
206 282
7 357
132 183
113 268
140 380
221 472
91 235
375 487
160 493
228 278
362 381
104 265
165 293
300 348
428 481
247 329
175 301
149 392
265 366
129 136
165 500
117 439
211 430
106 187
211 301
98 161
345 353
19 155
81 132
166 497
10 200
139 140
89 277
95 340
92 280
100 108
260 476
27 323
222 455
155 491
90 288
65 268
184 195
290 384
306 498
233 242
105 127
131 214
143 382
243 372
165 329
52 388
50 473
314 416
55 344
289 410
129 203
275 418
15 44
194 355
208 236
187 405
115 490
118 150
128 479
71 134
124 352
51 112
73 349
9 165
20 467
119 412
65 202
311 361
294 301
3 3
298 411
436 467
143 340
136 258
2 182
230 357
155 455
279 449
102 185
38 359
314 359
60 65
174 187
280 303
213 224
331 368
172 246
178 307
9 249
66 138
318 435
168 421
80 338
111 255
134 410
44 376
226 402
229 438
258 472
118 305
207 490
111 244
183 413
35 53
39 450
32 381
292 326
254 478
111 317
77 204
111 212
326 349
326 430
133 391
101 184
411 418
100 430
90 170
54 59
210 271
32 123
11 454
296 352
1 298
322 478
87 392
148 351
383 488
210 272
243 308
149 467
82 459
53 119
170 209
34 484
164 235
91 500
38 332
63 209
121 226
101 273
188 500
292 496
324 329
12 276
258 475
255 268
12 26
70 74
207 279
140 451
165 346
205 235
218 303
134 262
389 500
17 71
278 416
173 368
110 437
181 240
31 433
252 295
46 327
106 404
75 217
416 493
287 326
474 488
375 397
68 270
66 429
100 434
418 427
405 434
143 366
46 358
304 353
131 310
74 128
168 381
315 476
81 447
291 372
189 368
39 299
34 100
237 248
14 301
76 294
72 91
16 230
259 374
204 344
130 490
132 319
457 484
152 272
100 478
75 84
273 280
380 500
231 334
490 492
446 480
127 413
83 354
207 457
119 220
438 442
50 314
127 459
265 406
70 274
153 390
69 389
175 317
33 160
28 235
385 498
138 181
65 87
141 216
82 244
144 389
41 71
121 342
207 210
169 245
154 263
56 485
270 312
182 346
106 391
7 240
305 452
331 428
109 383
301 471
126 154
46 268
65 188
249 481
205 257
457 496
164 445
58 375
177 385
7 308
402 454
368 431
412 444
64 82
4 183
375 437
32 450
340 405
107 197
167 375
74 89
149 382
225 396
96 314
37 499
82 113
149 205
288 294
71 97
51 327
206 326
459 481
289 339
68 102
264 328
381 385
187 252
2 322
154 206
13 75
104 310
145 332
337 375
59 423
4 156
14 415
221 276
247 459
289 471
63 356
126 383
301 374
338 374
248 325
148 412
143 229
113 461
34 299
261 352
2 369
249 384
157 401
34 495
323 484
172 267
32 432
122 321
3 115
163 495
145 281
72 441
44 158
73 303
398 491
119 457
165 302
2 500
175 175
355 380
134 156
77 207
58 277
40 478
230 452
32 450
286 414
233 264
96 314
8 144
406 479
297 460
73 180
237 325
7 263
127 351
460 494
117 225
300 434
467 499
252 274
285 305
415 488
214 249
110 382
200 382
172 417
206 254
18 115
104 465
144 339
218 352
131 315
53 282
412 474
50 445
190 402
100 128
324 398
74 479
61 167
42 466
68 440
21 422
214 277
33 336
10 255
96 227
119 305
231 360
252 393
370 401
69 145
29 443
63 75
6 228
128 464
211 448
99 290
16 103
258 460
154 328
60 112
21 388
302 342
36 405
182 278
4 20
320 491
262 403
76 372
50 103
120 414
95 380
51 148
176 421
8 429
46 315
75 119
394 483
213 253
136 139
159 173
114 469
415 490
229 233
313 435
246 473
241 348
123 401
215 267
49 492
94 361
111 287
22 74
109 169
316 348
19 45
430 455
18 347
131 472
5 221
445 478
137 493
25 157
100 376
45 127
37 316
391 474
160 285
71 367
169 288
104 174
10 173
138 216
96 288
67 337
299 457
184 440
144 445
241 477
86 488
270 454
341 440
93 449
347 415
2 495
66 257
141 281
36 344
190 499
154 427
57 260
158 460
105 140
198 285
464 488
97 291
96 129
